Threshold,TrainAUC,TestAUC,Test CM,Train CM,NoRain_NoCloud,NoRain_Cloud,Rain_NoCloud,Rain_Cloud,S0train,S1train,S0test,S1test
0,90.8,71.0,"[[5.6868e+03 1.2302e+03]
 [5.6000e+00 8.6000e+00]]","[[2.438e+04 3.288e+03]
 [3.200e+00 5.360e+01]]",0,34585,0,71,23171,48,11414,23
2,91.0,70.6,"[[5728.2 1188.4]
 [   5.8    8.4]]","[[2.43788e+04 3.28760e+03]
 [3.00000e+00 5.38000e+01]]",2,34583,0,71,23171,47,11412,24
4,91.0,70.6,"[[5728.2 1188.4]
 [   5.8    8.4]]","[[2.43788e+04 3.28760e+03]
 [3.00000e+00 5.38000e+01]]",2,34583,0,71,23172,46,11411,25
6,91.0,70.6,"[[5728.2 1188.4]
 [   5.8    8.4]]","[[2.43788e+04 3.28760e+03]
 [3.00000e+00 5.38000e+01]]",2,34583,0,71,23167,51,11416,20
8,91.0,70.6,"[[5728.2 1188.4]
 [   5.8    8.4]]","[[2.43788e+04 3.28760e+03]
 [3.00000e+00 5.38000e+01]]",2,34583,0,71,23171,47,11412,24
10,91.0,70.6,"[[5728.2 1188.4]
 [   5.8    8.4]]","[[2.43788e+04 3.28760e+03]
 [3.00000e+00 5.38000e+01]]",2,34583,0,71,23176,42,11407,29
12,91.0,70.6,"[[5728.2 1188.4]
 [   5.8    8.4]]","[[2.43788e+04 3.28760e+03]
 [3.00000e+00 5.38000e+01]]",2,34583,0,71,23170,48,11413,23
14,91.0,70.6,"[[5728.2 1188.4]
 [   5.8    8.4]]","[[2.43788e+04 3.28760e+03]
 [3.00000e+00 5.38000e+01]]",2,34583,0,71,23169,49,11414,22
16,91.0,70.2,"[[5720.4 1189.4]
 [   5.8    8.4]]","[[2.43432e+04 3.29600e+03]
 [3.00000e+00 5.38000e+01]]",36,34549,0,71,23145,50,11404,21
18,93.0,74.6,"[[4.6354e+03 9.6260e+02]
 [4.4000e+00 9.0000e+00]]","[[1.99474e+04 2.44460e+03]
 [1.20000e+00 5.24000e+01]]",6595,27990,4,67,18754,44,9236,23
20,95.4,63.8,"[[3118.8  689.8]
 [   6.4    5.6]]","[[1.41434e+04 1.09100e+03]
 [4.00000e-01 4.76000e+01]]",15542,19043,11,60,12763,36,6280,24
22,96.4,75.4,"[[2028.6  387. ]
 [   3.2    6.4]]","[[9028.8  633.6]
 [   0.    38.4]]",22507,12078,23,48,8091,33,3987,15
24,95.2,66.2,"[[786.6 171.6]
 [  3.2   3.6]]","[[3510.   322.8]
 [   0.    27.2]]",29794,4791,37,34,3214,18,1577,16
26,95.0,68.0,"[[510.  152. ]
 [  2.6   3.6]]","[[2418.6  229.4]
 [   0.    24.8]]",31275,3310,40,31,2216,22,1094,9
28,94.8,65.8,"[[387.2 125.6]
 [  2.6   3.2]]","[[1855.6  195.6]
 [   0.    23.2]]",32021,2564,42,29,1719,18,845,11
30,94.4,66.4,"[[337.4  92.4]
 [  2.2   2.2]]","[[1.5604e+03 1.5880e+02]
 [2.0000e-01 1.7400e+01]]",32436,2149,49,22,1437,17,712,5
32,93.2,76.2,"[[284.   77.6]
 [  1.    3.2]]","[[1.3078e+03 1.3860e+02]
 [4.0000e-01 1.6400e+01]]",32777,1808,50,21,1211,14,597,7
34,94.6,71.0,"[[238.4  68.2]
 [  1.4   2.4]]","[[1108.6  117.8]
 [   0.    15.2]]",33052,1533,52,19,1028,11,505,8
36,93.0,76.8,"[[193.4  60.6]
 [  0.8   3. ]]","[[9.112e+02 1.048e+02]
 [4.000e-01 1.480e+01]]",33315,1270,52,19,853,10,417,9
38,94.2,69.8,"[[159.8  53. ]
 [  1.4   2.4]]","[[761.8  89.4]
 [  0.   15.2]]",33521,1064,52,19,712,13,352,6
40,93.0,67.4,"[[132.6  42. ]
 [  1.4   2.2]]","[[6.166e+02 8.180e+01]
 [2.000e-01 1.420e+01]]",33712,873,53,18,583,13,290,5
42,91.2,76.0,"[[100.4  37.2]
 [  0.6   2.4]]","[[485.6  64.8]
 [  0.6  11.4]]",33897,688,56,15,463,8,225,7
44,92.8,75.0,"[[81.6 33.4]
 [ 0.6  2. ]]","[[4.06e+02 5.40e+01]
 [2.00e-01 1.02e+01]]",34010,575,58,13,386,7,189,6
46,95.4,78.8,"[[74.4 20.8]
 [ 0.2  1.4]]","[[349.   31.8]
 [  0.    6.4]]",34109,476,63,8,318,6,158,2
48,96.2,84.2,"[[70.8  9. ]
 [ 0.4  0.8]]","[[298.   21.2]
 [  0.    4.8]]",34186,399,65,6,266,5,133,1
50,96.4,84.8,"[[63.   7. ]
 [ 0.2  0.8]]","[[261.8  18.2]
 [  0.    4. ]]",34235,350,66,5,234,3,116,2
52,62.0,39.2,"[[0, 0], [0, 0]]","[[0, 0], [0, 0]]",34304,281,69,2,188,1,93,1
54,0.0,0.0,"[[0, 0], [0, 0]]","[[0, 0], [0, 0]]",34359,226,71,0,151,0,75,0
56,0.0,0.0,"[[0, 0], [0, 0]]","[[0, 0], [0, 0]]",34409,176,71,0,117,0,59,0
58,0.0,0.0,"[[0, 0], [0, 0]]","[[0, 0], [0, 0]]",34442,143,71,0,95,0,48,0
60,0.0,0.0,"[[0, 0], [0, 0]]","[[0, 0], [0, 0]]",34470,115,71,0,77,0,38,0
62,0.0,0.0,"[[0, 0], [0, 0]]","[[0, 0], [0, 0]]",34480,105,71,0,70,0,35,0
64,0.0,0.0,"[[0, 0], [0, 0]]","[[0, 0], [0, 0]]",34489,96,71,0,64,0,32,0
66,0.0,0.0,"[[0, 0], [0, 0]]","[[0, 0], [0, 0]]",34498,87,71,0,58,0,29,0
68,0.0,0.0,"[[0, 0], [0, 0]]","[[0, 0], [0, 0]]",34507,78,71,0,52,0,26,0
70,0.0,0.0,"[[0, 0], [0, 0]]","[[0, 0], [0, 0]]",34513,72,71,0,48,0,24,0
72,0.0,0.0,"[[0, 0], [0, 0]]","[[0, 0], [0, 0]]",34516,69,71,0,46,0,23,0
74,0.0,0.0,"[[0, 0], [0, 0]]","[[0, 0], [0, 0]]",34517,68,71,0,45,0,23,0
76,0.0,0.0,"[[0, 0], [0, 0]]","[[0, 0], [0, 0]]",34518,67,71,0,44,0,23,0
78,0.0,0.0,"[[0, 0], [0, 0]]","[[0, 0], [0, 0]]",34520,65,71,0,43,0,22,0
