Threshold,TrainAUC,TestAUC,Test CM,Train CM,NoRain_NoCloud,NoRain_Cloud,Rain_NoCloud,Rain_Cloud,S0train,S1train,S0test,S1test
0,72.6,64.2,"[[3.5438e+03 3.3716e+03]
 [3.4000e+00 1.2400e+01]]","[[1.40432e+04 1.36184e+04]
 [2.60000e+00 6.06000e+01]]",0,34577,0,79,23171,48,11406,31
2,72.6,63.2,"[[3490.8 3424.2]
 [   3.6   12.2]]","[[1.38834e+04 1.37766e+04]
 [2.40000e+00 6.08000e+01]]",2,34575,0,79,23167,51,11408,28
4,72.6,63.2,"[[3490.8 3424.2]
 [   3.6   12.2]]","[[1.38834e+04 1.37766e+04]
 [2.40000e+00 6.08000e+01]]",2,34575,0,79,23168,50,11407,29
6,72.6,63.2,"[[3490.8 3424.2]
 [   3.6   12.2]]","[[1.38834e+04 1.37766e+04]
 [2.40000e+00 6.08000e+01]]",2,34575,0,79,23163,55,11412,24
8,72.6,63.2,"[[3490.8 3424.2]
 [   3.6   12.2]]","[[1.38834e+04 1.37766e+04]
 [2.40000e+00 6.08000e+01]]",2,34575,0,79,23165,53,11410,26
10,72.6,63.2,"[[3490.8 3424.2]
 [   3.6   12.2]]","[[1.38834e+04 1.37766e+04]
 [2.40000e+00 6.08000e+01]]",2,34575,0,79,23164,54,11411,25
12,72.6,63.2,"[[3490.8 3424.2]
 [   3.6   12.2]]","[[1.38834e+04 1.37766e+04]
 [2.40000e+00 6.08000e+01]]",2,34575,0,79,23163,55,11412,24
14,72.6,63.2,"[[3490.8 3424.2]
 [   3.6   12.2]]","[[1.38834e+04 1.37766e+04]
 [2.40000e+00 6.08000e+01]]",2,34575,0,79,23164,54,11411,25
16,72.6,63.2,"[[3490.8 3424.2]
 [   3.6   12.2]]","[[1.38834e+04 1.37766e+04]
 [2.40000e+00 6.08000e+01]]",2,34575,0,79,23168,50,11407,29
18,72.8,63.6,"[[3482.2 3420.6]
 [   3.6   12.2]]","[[1.39744e+04 1.36368e+04]
 [2.40000e+00 6.08000e+01]]",63,34514,0,79,23124,53,11390,26
20,72.6,63.0,"[[3364.2 3403.6]
 [   3.6   12.2]]","[[1.35596e+04 1.35116e+04]
 [2.40000e+00 6.08000e+01]]",738,33839,0,79,22673,52,11166,27
22,71.6,63.2,"[[3148.8 3283.6]
 [   3.4   12.4]]","[[1.25464e+04 1.31832e+04]
 [2.80000e+00 6.04000e+01]]",2415,32162,0,79,21549,52,10613,27
24,71.0,62.6,"[[2779.2 3086. ]
 [   3.4   12.4]]","[[1.11098e+04 1.23510e+04]
 [2.80000e+00 6.04000e+01]]",5251,29326,0,79,19649,52,9677,27
26,70.0,54.2,"[[2078.  2624. ]
 [   5.4   10.4]]","[[8.4560e+03 1.0352e+04]
 [2.4000e+00 6.0800e+01]]",11067,23510,0,79,15751,53,7759,26
28,77.6,58.0,"[[1688.8 1502.6]
 [   5.4    9.8]]","[[7.4020e+03 5.3636e+03]
 [1.2000e+00 5.9600e+01]]",18620,15957,3,76,10696,46,5261,30
30,79.6,62.0,"[[1192.8  793.8]
 [   5.2    9.4]]","[[5.2760e+03 2.6704e+03]
 [3.8000e+00 5.4600e+01]]",24644,9933,6,73,6656,48,3277,25
32,71.6,55.6,"[[524.6 550. ]
 [  5.2   9.2]]","[[2098.  2200.4]
 [   2.6   55. ]]",29204,5373,7,72,3596,52,1777,20
34,75.0,61.4,"[[486.6 219.2]
 [  5.8   6.6]]","[[2182.   641.2]
 [  13.2   36.4]]",31048,3529,17,62,2361,44,1168,18
36,72.4,59.6,"[[401.8 184. ]
 [  5.8   6.2]]","[[1766.2  577. ]
 [  14.2   33.8]]",31648,2929,19,60,1966,36,963,24
38,70.8,59.2,"[[334.2 159.2]
 [  5.4   5.8]]","[[1435.4  538.2]
 [  13.6   31.2]]",32110,2467,23,56,1654,36,813,20
40,73.2,56.2,"[[266.  155.2]
 [  4.8   5. ]]","[[1207.6  477.2]
 [   9.6   29.6]]",32471,2106,30,49,1414,29,692,20
42,74.4,61.6,"[[248.2 111.8]
 [  3.6   4.4]]","[[1005.2  434.8]
 [   6.4   25.6]]",32777,1800,39,40,1204,28,596,12
44,73.4,60.6,"[[208.   99.8]
 [  3.2   4. ]]","[[818.2 413. ]
 [  5.4  23.4]]",33038,1539,43,36,1030,25,509,11
46,77.0,63.2,"[[192.   78.2]
 [  2.8   3.6]]","[[731.4 349.4]
 [  3.2  22.4]]",33226,1351,47,32,905,21,446,11
48,77.4,57.8,"[[145.8  84. ]
 [  2.8   3. ]]","[[583.8 335.4]
 [  1.8  21.4]]",33428,1149,50,29,770,19,379,10
50,75.6,61.8,"[[114.4  79.4]
 [  2.    3.4]]","[[468.  307.2]
 [  1.8  19.8]]",33608,969,52,27,650,17,319,10
52,75.0,62.2,"[[85.  74.6]
 [ 1.4  3.8]]","[[375.4 263. ]
 [  1.6  19.2]]",33779,798,53,26,531,21,267,5
54,76.0,66.6,"[[95.  39.6]
 [ 1.4  2. ]]","[[365.2 173.2]
 [  2.   11.6]]",33904,673,62,17,451,11,222,6
56,79.2,69.4,"[[88.8 27.2]
 [ 1.   1.8]]","[[324.8 139.2]
 [  1.2  10. ]]",33997,580,65,14,387,10,193,4
58,78.6,69.6,"[[74.4 22.6]
 [ 1.   1.8]]","[[274.  114. ]
 [  1.4   9.8]]",34092,485,65,14,326,8,159,6
60,81.0,75.4,"[[49.6 30.6]
 [ 0.2  2. ]]","[[200.6 120.2]
 [  0.    8.8]]",34176,401,68,11,268,8,133,3
62,80.4,74.4,"[[40.4 27. ]
 [ 0.2  1.8]]","[[167.2 102.4]
 [  0.    8. ]]",34240,337,69,10,228,4,109,6
64,80.4,80.2,"[[40.  16.2]
 [ 0.2  1.6]]","[[138.4  86.4]
 [  0.    7.2]]",34296,281,70,9,186,8,95,1
66,97.2,87.0,"[[44.2  2.6]
 [ 0.2  0.8]]","[[179.    8.2]
 [  0.    4. ]]",34343,234,74,5,156,4,78,1
68,97.0,86.6,"[[34.   2.4]
 [ 0.2  0.8]]","[[138.    7.6]
 [  0.    4. ]]",34395,182,74,5,120,5,62,0
70,82.5,59.6,"[[5.6 0. ]
 [0.2 0. ]]","[[23.   0.2]
 [ 0.   0.6]]",34433,144,75,4,97,2,47,2
72,71.14285714285714,30.0,"[[0, 0], [0, 0]]","[[0, 0], [0, 0]]",34461,116,76,3,77,2,39,1
74,71.14285714285714,30.0,"[[0, 0], [0, 0]]","[[0, 0], [0, 0]]",34481,96,76,3,64,2,32,1
76,71.28571428571429,30.0,"[[6.4 0. ]
 [0.4 0. ]]","[[26.8  0. ]
 [ 0.   0.8]]",34494,83,76,3,55,2,28,1
78,71.28571428571429,30.0,"[[5.6 0. ]
 [0.4 0. ]]","[[23.6  0. ]
 [ 0.   0.8]]",34504,73,76,3,49,1,24,2
