Threshold,TrainAUC,TestAUC,Test CM,Train CM,NoRain_NoCloud,NoRain_Cloud,Rain_NoCloud,Rain_Cloud,S0train,S1train,S0test,S1test
0,99.0,60.8,"[[6.7044e+03 2.1400e+02]
 [9.6000e+00 3.2000e+00]]","[[27417.2   256.4]
 [    0.     51.2]]",0,34592,0,64,23175,44,11417,20
2,99.0,61.2,"[[6.7132e+03 2.0480e+02]
 [9.4000e+00 3.4000e+00]]","[[27417.2   254.8]
 [    0.     51.2]]",2,34590,0,64,23175,43,11415,21
4,99.0,61.2,"[[6.7132e+03 2.0480e+02]
 [9.4000e+00 3.4000e+00]]","[[27417.2   254.8]
 [    0.     51.2]]",2,34590,0,64,23177,41,11413,23
6,99.0,61.2,"[[6.7132e+03 2.0480e+02]
 [9.4000e+00 3.4000e+00]]","[[27417.2   254.8]
 [    0.     51.2]]",2,34590,0,64,23180,38,11410,26
8,99.0,61.2,"[[6.7132e+03 2.0480e+02]
 [9.4000e+00 3.4000e+00]]","[[27417.2   254.8]
 [    0.     51.2]]",2,34590,0,64,23179,39,11411,25
10,99.0,61.2,"[[6.7132e+03 2.0480e+02]
 [9.4000e+00 3.4000e+00]]","[[27417.2   254.8]
 [    0.     51.2]]",2,34590,0,64,23175,43,11415,21
12,99.0,61.2,"[[6.7132e+03 2.0480e+02]
 [9.4000e+00 3.4000e+00]]","[[27417.2   254.8]
 [    0.     51.2]]",2,34590,0,64,23172,46,11418,18
14,99.0,61.2,"[[6.7132e+03 2.0480e+02]
 [9.4000e+00 3.4000e+00]]","[[27417.2   254.8]
 [    0.     51.2]]",2,34590,0,64,23171,47,11419,17
16,99.0,61.2,"[[6.7132e+03 2.0480e+02]
 [9.4000e+00 3.4000e+00]]","[[27417.2   254.8]
 [    0.     51.2]]",2,34590,0,64,23176,42,11414,22
18,99.0,59.6,"[[6.7096e+03 2.0820e+02]
 [9.8000e+00 3.0000e+00]]","[[27412.8   258.4]
 [    0.     51.2]]",3,34589,0,64,23171,46,11418,18
20,99.0,59.6,"[[6.7096e+03 2.0820e+02]
 [9.8000e+00 3.0000e+00]]","[[27412.8   258.4]
 [    0.     51.2]]",3,34589,0,64,23173,44,11416,20
22,99.0,59.8,"[[6.7192e+03 1.9840e+02]
 [9.8000e+00 3.0000e+00]]","[[27409.4   261. ]
 [    0.     51.2]]",4,34588,0,64,23177,39,11411,25
24,99.0,59.8,"[[6.7192e+03 1.9840e+02]
 [9.8000e+00 3.0000e+00]]","[[27409.4   261. ]
 [    0.     51.2]]",4,34588,0,64,23174,42,11414,22
26,99.0,59.8,"[[6.7192e+03 1.9840e+02]
 [9.8000e+00 3.0000e+00]]","[[27409.4   261. ]
 [    0.     51.2]]",4,34588,0,64,23174,42,11414,22
28,99.0,59.8,"[[6.7192e+03 1.9840e+02]
 [9.8000e+00 3.0000e+00]]","[[27409.4   261. ]
 [    0.     51.2]]",4,34588,0,64,23175,41,11413,23
30,99.0,59.8,"[[6.7192e+03 1.9840e+02]
 [9.8000e+00 3.0000e+00]]","[[27409.4   261. ]
 [    0.     51.2]]",4,34588,0,64,23174,42,11414,22
32,99.0,59.8,"[[6.7192e+03 1.9840e+02]
 [9.8000e+00 3.0000e+00]]","[[27409.4   261. ]
 [    0.     51.2]]",4,34588,0,64,23177,39,11411,25
34,99.0,60.8,"[[6.7034e+03 2.1400e+02]
 [9.6000e+00 3.2000e+00]]","[[27413.2   256.4]
 [    0.     51.2]]",5,34587,0,64,23172,44,11415,20
36,99.0,60.8,"[[6.7034e+03 2.1400e+02]
 [9.6000e+00 3.2000e+00]]","[[27413.2   256.4]
 [    0.     51.2]]",5,34587,0,64,23178,38,11409,26
38,99.0,60.8,"[[6.7034e+03 2.1400e+02]
 [9.6000e+00 3.2000e+00]]","[[27413.2   256.4]
 [    0.     51.2]]",5,34587,0,64,23169,47,11418,17
40,99.0,60.8,"[[6.7034e+03 2.1400e+02]
 [9.6000e+00 3.2000e+00]]","[[27413.2   256.4]
 [    0.     51.2]]",5,34587,0,64,23178,38,11409,26
42,99.0,60.8,"[[6.7034e+03 2.1400e+02]
 [9.6000e+00 3.2000e+00]]","[[27413.2   256.4]
 [    0.     51.2]]",5,34587,0,64,23178,38,11409,26
44,99.0,60.8,"[[6.7034e+03 2.1400e+02]
 [9.6000e+00 3.2000e+00]]","[[27413.2   256.4]
 [    0.     51.2]]",5,34587,0,64,23175,41,11412,23
46,99.0,60.8,"[[6.7034e+03 2.1400e+02]
 [9.6000e+00 3.2000e+00]]","[[27413.2   256.4]
 [    0.     51.2]]",5,34587,0,64,23175,41,11412,23
48,99.0,60.8,"[[6.7034e+03 2.1400e+02]
 [9.6000e+00 3.2000e+00]]","[[27413.2   256.4]
 [    0.     51.2]]",5,34587,0,64,23162,54,11425,10
50,99.0,60.8,"[[6.7034e+03 2.1400e+02]
 [9.6000e+00 3.2000e+00]]","[[27413.2   256.4]
 [    0.     51.2]]",5,34587,0,64,23178,38,11409,26
52,99.0,59.6,"[[6.7076e+03 2.0820e+02]
 [9.8000e+00 3.0000e+00]]","[[27405.2   258. ]
 [    0.     51.2]]",13,34579,0,64,23169,41,11410,23
54,99.0,64.8,"[[6.4742e+03 2.3880e+02]
 [8.4000e+00 4.4000e+00]]","[[26597.6   254.4]
 [    0.     51.2]]",1027,33565,0,64,22488,43,11077,21
56,99.0,63.0,"[[4.7552e+03 2.1800e+02]
 [8.6000e+00 4.0000e+00]]","[[19707.8   185. ]
 [    0.     50.4]]",9726,24866,1,63,16663,39,8203,24
58,99.0,51.8,"[[2.2846e+03 9.8800e+01]
 [1.0000e+01 1.0000e+00]]","[[9453.6   80. ]
 [   0.    44. ]]",22675,11917,9,55,7978,43,3939,12
60,99.0,65.0,"[[711.   45.8]
 [  4.4   2.6]]","[[3015.8   11.4]
 [   0.    28. ]]",30808,3784,29,35,2538,20,1246,15
62,99.8,65.6,"[[463.8  44. ]
 [  3.2   2.2]]","[[2.0292e+03 2.0000e+00]
 [0.0000e+00 2.1600e+01]]",32053,2539,37,27,1705,14,834,13
64,99.8,66.0,"[[387.6  21.8]
 [  2.8   1.6]]","[[1.6372e+03 4.0000e-01]
 [0.0000e+00 1.7600e+01]]",32545,2047,42,22,1373,13,674,9
66,100.0,54.6,"[[305.8  32.2]
 [  2.4   0.4]]","[[1352.     0. ]
 [   0.    11.2]]",32902,1690,50,14,1129,12,561,2
68,100.0,55.2,"[[265.4   6.2]
 [  1.8   0.4]]","[[1086.4    0. ]
 [   0.     8.8]]",33234,1358,53,11,909,8,449,3
70,100.0,74.0,"[[216.    3.2]
 [  1.    1. ]]","[[876.8   0. ]
 [  0.    8. ]]",33496,1096,54,10,736,5,360,5
72,100.0,69.6,"[[174.6   1.2]
 [  1.2   0.8]]","[[703.2   0. ]
 [  0.    8. ]]",33713,879,54,10,587,8,292,2
74,100.0,67.4,"[[138.8   6.4]
 [  1.    0.8]]","[[580.8   0. ]
 [  0.    7.2]]",33866,726,55,9,485,7,241,2
76,100.0,49.4,"[[113.4   1.2]
 [  1.4   0. ]]","[[458.4   0. ]
 [  0.    5.6]]",34019,573,57,7,383,5,190,2
78,100.0,58.8,"[[90.   1.4]
 [ 1.   0.2]]","[[365.6   0. ]
 [  0.    4.8]]",34135,457,58,6,305,5,152,1
