Threshold,TrainAUC,TestAUC,Test CM,Train CM,NoRain_NoCloud,NoRain_Cloud,Rain_NoCloud,Rain_Cloud,S0train,S1train,S0test,S1test
0,74.8,50.8,"[[5.064e+03 1.853e+03]
 [1.000e+01 4.200e+00]]","[[2.42714e+04 3.39660e+03]
 [2.12000e+01 3.56000e+01]]",0,34585,0,71,23177,42,11408,29
2,75.6,50.6,"[[5.0816e+03 1.8350e+03]
 [1.0200e+01 4.0000e+00]]","[[2.4210e+04 3.4564e+03]
 [2.0400e+01 3.6400e+01]]",2,34583,0,71,23170,48,11413,23
4,75.6,50.6,"[[5.0816e+03 1.8350e+03]
 [1.0200e+01 4.0000e+00]]","[[2.4210e+04 3.4564e+03]
 [2.0400e+01 3.6400e+01]]",2,34583,0,71,23172,46,11411,25
6,75.6,50.6,"[[5.0816e+03 1.8350e+03]
 [1.0200e+01 4.0000e+00]]","[[2.4210e+04 3.4564e+03]
 [2.0400e+01 3.6400e+01]]",2,34583,0,71,23169,49,11414,22
8,75.6,50.6,"[[5.0816e+03 1.8350e+03]
 [1.0200e+01 4.0000e+00]]","[[2.4210e+04 3.4564e+03]
 [2.0400e+01 3.6400e+01]]",2,34583,0,71,23167,51,11416,20
10,75.6,50.6,"[[5.0816e+03 1.8350e+03]
 [1.0200e+01 4.0000e+00]]","[[2.4210e+04 3.4564e+03]
 [2.0400e+01 3.6400e+01]]",2,34583,0,71,23170,48,11413,23
12,75.6,50.6,"[[5.0816e+03 1.8350e+03]
 [1.0200e+01 4.0000e+00]]","[[2.4210e+04 3.4564e+03]
 [2.0400e+01 3.6400e+01]]",2,34583,0,71,23164,54,11419,17
14,75.6,50.6,"[[5.0816e+03 1.8350e+03]
 [1.0200e+01 4.0000e+00]]","[[2.4210e+04 3.4564e+03]
 [2.0400e+01 3.6400e+01]]",2,34583,0,71,23166,52,11417,19
16,75.6,50.6,"[[5.0816e+03 1.8350e+03]
 [1.0200e+01 4.0000e+00]]","[[2.4210e+04 3.4564e+03]
 [2.0400e+01 3.6400e+01]]",2,34583,0,71,23168,50,11415,21
18,75.6,50.6,"[[5.0816e+03 1.8350e+03]
 [1.0200e+01 4.0000e+00]]","[[2.4210e+04 3.4564e+03]
 [2.0400e+01 3.6400e+01]]",2,34583,0,71,23176,42,11407,29
20,75.4,51.2,"[[5.0292e+03 1.7972e+03]
 [1.0000e+01 4.2000e+00]]","[[2.38982e+04 3.40740e+03]
 [2.06000e+01 3.62000e+01]]",453,34132,0,71,22869,47,11263,24
22,69.8,40.2,"[[2841.4 2207. ]
 [  10.2    3.4]]","[[13950.6  6243. ]
 [   15.6    38.8]]",9343,25242,3,68,16910,47,8332,21
24,70.8,46.8,"[[2342.6 1204.8]
 [   9.     3.6]]","[[10200.6  3989. ]
 [   14.8    35.6]]",16848,17737,8,63,11881,45,5856,18
26,72.2,64.4,"[[1492.8  577.8]
 [   4.2    5.6]]","[[6119.  2163.4]
 [  11.2   28. ]]",24232,10353,22,49,6934,35,3419,14
28,71.8,57.6,"[[396.4 579.4]
 [  2.    5.4]]","[[2037.4 1865.8]
 [   2.4   27.2]]",29706,4879,34,37,3270,23,1609,14
30,73.6,61.0,"[[332.  352.8]
 [  1.8   5. ]]","[[1664.8 1074.4]
 [   3.4   23.8]]",31161,3424,37,34,2291,25,1133,9
32,67.8,58.8,"[[210.8 343.6]
 [  1.    3.8]]","[[8.3020e+02 1.3874e+03]
 [2.0000e-01 1.9000e+01]]",31813,2772,47,24,1860,13,912,11
34,66.0,57.8,"[[171.4 258.8]
 [  1.    3.2]]","[[6.0560e+02 1.1152e+03]
 [4.0000e-01 1.6400e+01]]",32434,2151,50,21,1438,17,713,4
36,73.0,69.2,"[[203.2 131.4]
 [  0.8   2.6]]","[[811.4 527. ]
 [  1.8  11.8]]",32912,1673,54,17,1121,11,552,6
38,86.2,83.2,"[[200.8  50.4]
 [  0.4   2.4]]","[[7.562e+02 2.486e+02]
 [2.000e-01 1.100e+01]]",33329,1256,57,14,839,11,417,3
40,86.8,85.8,"[[171.   29.4]
 [  0.4   2.2]]","[[601.  200.6]
 [  0.   10.4]]",33583,1002,58,13,675,5,327,8
42,90.0,91.2,"[[139.6  15.8]
 [  0.2   2.2]]","[[543.2  78.4]
 [  0.6   9. ]]",33808,777,59,12,522,6,255,6
44,90.6,89.0,"[[104.2  13.4]
 [  0.2   1.6]]","[[427.2  43.2]
 [  0.6   6.6]]",33997,588,62,9,393,6,195,3
46,93.6,76.0,"[[83.6  6.8]
 [ 0.4  1.2]]","[[341.6  20. ]
 [  0.4   6. ]]",34133,452,63,8,302,6,150,2
48,92.2,86.2,"[[63.   4.8]
 [ 0.4  1.2]]","[[256.2  15. ]
 [  0.6   5.8]]",34246,339,63,8,226,6,113,2
50,96.2,85.8,"[[51.   4.4]
 [ 0.2  0.8]]","[[207.   14.6]
 [  0.    4. ]]",34308,277,66,5,185,3,92,2
52,44.44444444444444,0.0,"[[0, 0], [0, 0]]","[[0, 0], [0, 0]]",34379,206,70,1,137,1,69,0
54,0.0,0.0,"[[0, 0], [0, 0]]","[[0, 0], [0, 0]]",34440,145,71,0,97,0,48,0
56,0.0,0.0,"[[0, 0], [0, 0]]","[[0, 0], [0, 0]]",34475,110,71,0,73,0,37,0
58,0.0,0.0,"[[0, 0], [0, 0]]","[[0, 0], [0, 0]]",34492,93,71,0,62,0,31,0
60,0.0,0.0,"[[0, 0], [0, 0]]","[[0, 0], [0, 0]]",34504,81,71,0,54,0,27,0
62,0.0,0.0,"[[0, 0], [0, 0]]","[[0, 0], [0, 0]]",34513,72,71,0,48,0,24,0
64,0.0,0.0,"[[0, 0], [0, 0]]","[[0, 0], [0, 0]]",34521,64,71,0,42,0,22,0
66,0.0,0.0,"[[0, 0], [0, 0]]","[[0, 0], [0, 0]]",34524,61,71,0,40,0,21,0
68,0.0,0.0,"[[0, 0], [0, 0]]","[[0, 0], [0, 0]]",34524,61,71,0,40,0,21,0
70,0.0,0.0,"[[0, 0], [0, 0]]","[[0, 0], [0, 0]]",34524,61,71,0,40,0,21,0
72,0.0,0.0,"[[0, 0], [0, 0]]","[[0, 0], [0, 0]]",34524,61,71,0,40,0,21,0
74,0.0,0.0,"[[0, 0], [0, 0]]","[[0, 0], [0, 0]]",34524,61,71,0,40,0,21,0
76,0.0,0.0,"[[0, 0], [0, 0]]","[[0, 0], [0, 0]]",34524,61,71,0,40,0,21,0
78,0.0,0.0,"[[0, 0], [0, 0]]","[[0, 0], [0, 0]]",34524,61,71,0,40,0,21,0
