Threshold,TrainAUC,TestAUC,Test CM,Train CM,NoRain_NoCloud,NoRain_Cloud,Rain_NoCloud,Rain_Cloud,S0train,S1train,S0test,S1test
0,99.0,60.8,"[[6.7044e+03 2.1400e+02]
 [9.6000e+00 3.2000e+00]]","[[27417.2   256.4]
 [    0.     51.2]]",0,34592,0,64,23174,45,11418,19
2,99.0,61.2,"[[6.7132e+03 2.0480e+02]
 [9.4000e+00 3.4000e+00]]","[[27417.2   254.8]
 [    0.     51.2]]",2,34590,0,64,23178,40,11412,24
4,99.0,61.2,"[[6.7132e+03 2.0480e+02]
 [9.4000e+00 3.4000e+00]]","[[27417.2   254.8]
 [    0.     51.2]]",2,34590,0,64,23173,45,11417,19
6,99.0,61.2,"[[6.7132e+03 2.0480e+02]
 [9.4000e+00 3.4000e+00]]","[[27417.2   254.8]
 [    0.     51.2]]",2,34590,0,64,23177,41,11413,23
8,99.0,61.2,"[[6.7132e+03 2.0480e+02]
 [9.4000e+00 3.4000e+00]]","[[27417.2   254.8]
 [    0.     51.2]]",2,34590,0,64,23175,43,11415,21
10,99.0,61.2,"[[6.7132e+03 2.0480e+02]
 [9.4000e+00 3.4000e+00]]","[[27417.2   254.8]
 [    0.     51.2]]",2,34590,0,64,23180,38,11410,26
12,99.0,61.2,"[[6.7132e+03 2.0480e+02]
 [9.4000e+00 3.4000e+00]]","[[27417.2   254.8]
 [    0.     51.2]]",2,34590,0,64,23170,48,11420,16
14,99.0,61.2,"[[6.7132e+03 2.0480e+02]
 [9.4000e+00 3.4000e+00]]","[[27417.2   254.8]
 [    0.     51.2]]",2,34590,0,64,23178,40,11412,24
16,99.0,61.2,"[[6.7132e+03 2.0480e+02]
 [9.4000e+00 3.4000e+00]]","[[27417.2   254.8]
 [    0.     51.2]]",2,34590,0,64,23179,39,11411,25
18,99.0,59.6,"[[6.7096e+03 2.0820e+02]
 [9.8000e+00 3.0000e+00]]","[[27412.8   258.4]
 [    0.     51.2]]",3,34589,0,64,23174,43,11415,21
20,99.0,59.6,"[[6.6976e+03 2.0820e+02]
 [9.8000e+00 3.0000e+00]]","[[27365.8   257.4]
 [    0.     51.2]]",63,34529,0,64,23130,47,11399,17
22,99.0,62.8,"[[6.409e+03 2.090e+02]
 [9.000e+00 3.800e+00]]","[[26224.6   247.4]
 [    0.     51.2]]",1502,33090,0,64,22169,44,10921,20
24,99.0,60.0,"[[5.604e+03 2.256e+02]
 [9.600e+00 3.200e+00]]","[[23092.4   226. ]
 [    0.     51.2]]",5444,29148,0,64,19526,46,9622,18
26,99.0,53.0,"[[3.9368e+03 1.5880e+02]
 [1.1000e+01 1.4000e+00]]","[[16233.6   148.8]
 [    0.     49.6]]",14114,20478,2,62,13726,35,6752,27
28,99.0,49.8,"[[2.3332e+03 1.8920e+02]
 [1.1400e+01 1.0000e+00]]","[[9973.8  115.8]
 [   0.    49.6]]",21980,12612,2,62,8452,39,4160,23
30,99.2,50.2,"[[1.2832e+03 1.3080e+02]
 [8.6000e+00 1.0000e+00]]","[[5616.    40. ]
 [   0.    38.4]]",27522,7070,16,48,4740,29,2330,19
32,99.0,58.0,"[[741.  67.]
 [  6.   2.]]","[[3220.2   11.8]
 [   0.    32. ]]",30552,4040,24,40,2709,24,1331,16
34,99.0,62.2,"[[597.2  44.4]
 [  4.6   2.2]]","[[2555.6   10.8]
 [   0.    27.2]]",31384,3208,30,34,2149,23,1059,11
36,99.0,60.6,"[[497.8  44.4]
 [  4.4   2. ]]","[[2161.4    7.4]
 [   0.    25.6]]",31881,2711,32,32,1812,25,899,7
38,99.8,65.4,"[[423.8  39.8]
 [  3.    2.4]]","[[1852.     2.4]
 [   0.    21.6]]",32274,2318,37,27,1554,17,764,10
40,99.8,69.0,"[[339.4  51.4]
 [  2.6   2.8]]","[[1561.2    2. ]
 [   0.    21.6]]",32638,1954,37,27,1307,20,647,7
42,100.0,59.0,"[[306.4  25.4]
 [  2.    0.8]]","[[1327.2    0. ]
 [   0.    11.2]]",32933,1659,50,14,1107,13,552,1
44,100.0,67.8,"[[275.6  12. ]
 [  1.4   1. ]]","[[1150.4    0. ]
 [   0.     9.6]]",33154,1438,52,12,963,8,475,4
46,100.0,62.6,"[[243.6   2.2]
 [  1.8   0.6]]","[[983.2   0. ]
 [  0.    9.6]]",33363,1229,52,12,823,8,406,4
48,100.0,73.0,"[[196.    6.6]
 [  1.2   1.2]]","[[810.4   0. ]
 [  0.    9.6]]",33579,1013,52,12,681,5,332,7
50,100.0,65.0,"[[147.2  27.6]
 [  1.4   1. ]]","[[699.2   0. ]
 [  0.    9.6]]",33718,874,52,12,584,9,290,3
52,100.0,65.0,"[[146.    4.4]
 [  1.6   0.8]]","[[601.6   0. ]
 [  0.    9.6]]",33840,752,52,12,504,7,248,5
54,100.0,67.4,"[[126.6   1.6]
 [  1.6   0.8]]","[[512.8   0. ]
 [  0.    9.6]]",33951,641,52,12,428,9,213,3
56,100.0,62.4,"[[104.2   4.8]
 [  1.6   0.6]]","[[436.    0. ]
 [  0.    8.8]]",34047,545,53,11,367,5,178,6
58,100.0,68.0,"[[83.2  3.2]
 [ 1.   0.8]]","[[345.6   0. ]
 [  0.    7.2]]",34160,432,55,9,288,7,144,2
60,100.0,71.6,"[[67.8  4.8]
 [ 0.8  0.8]]","[[290.4   0. ]
 [  0.    6.4]]",34229,363,56,8,243,5,120,3
62,100.0,96.8,"[[55.   3.4]
 [ 0.   1.4]]","[[233.6   0. ]
 [  0.    5.6]]",34300,292,57,7,194,6,98,1
64,100.0,84.6,"[[43.4  5. ]
 [ 0.2  1. ]]","[[193.6   0. ]
 [  0.    4.8]]",34350,242,58,6,161,5,81,1
66,100.0,76.0,"[[37.2  3. ]
 [ 0.4  0.6]]","[[160.8   0. ]
 [  0.    4. ]]",34391,201,59,5,133,5,68,0
68,71.42857142857143,59.0,"[[19.2  0.6]
 [ 0.   0.6]]","[[80.4  0. ]
 [ 0.   1.2]]",34425,167,61,3,112,1,55,2
70,62.5,40.0,"[[10.8  0. ]
 [ 0.   0.4]]","[[44.4  0. ]
 [ 0.   0.4]]",34454,138,62,2,91,2,47,0
72,62.5,40.0,"[[8.  0. ]
 [0.  0.4]]","[[33.2  0. ]
 [ 0.   0.4]]",34489,103,62,2,69,1,34,1
74,44.44444444444444,0.0,"[[0, 0], [0, 0]]","[[0, 0], [0, 0]]",34501,91,63,1,61,0,30,1
76,44.44444444444444,0.0,"[[0, 0], [0, 0]]","[[0, 0], [0, 0]]",34512,80,63,1,53,1,27,0
78,0.0,0.0,"[[0, 0], [0, 0]]","[[0, 0], [0, 0]]",34520,72,64,0,48,0,24,0
