Threshold,TrainAUC,TestAUC,Test CM,Train CM,NoRain_NoCloud,NoRain_Cloud,Rain_NoCloud,Rain_Cloud,S0train,S1train,S0test,S1test
0,100.0,54.0,"[[6.8696e+03 4.8800e+01]
 [1.1600e+01 1.2000e+00]]","[[27673.6     0. ]
 [    0.     51.2]]",0,34592,0,64,23180,39,11412,25
2,100.0,53.6,"[[6.8702e+03 4.8000e+01]
 [1.1600e+01 1.2000e+00]]","[[27672.8     0. ]
 [    0.     51.2]]",1,34591,0,64,23176,42,11415,22
4,100.0,53.6,"[[6.871e+03 4.720e+01]
 [1.160e+01 1.200e+00]]","[[27672.8     0. ]
 [    0.     51.2]]",1,34591,0,64,23179,39,11412,25
6,100.0,53.6,"[[6.8694e+03 4.8800e+01]
 [1.1600e+01 1.2000e+00]]","[[27672.8     0. ]
 [    0.     51.2]]",1,34591,0,64,23181,37,11410,27
8,100.0,53.6,"[[6.8702e+03 4.8000e+01]
 [1.1600e+01 1.2000e+00]]","[[27672.8     0. ]
 [    0.     51.2]]",1,34591,0,64,23170,48,11421,16
10,100.0,53.6,"[[6.8678e+03 5.0400e+01]
 [1.1600e+01 1.2000e+00]]","[[27672.8     0. ]
 [    0.     51.2]]",1,34591,0,64,23174,44,11417,20
12,100.0,53.6,"[[6.8666e+03 5.1600e+01]
 [1.1600e+01 1.2000e+00]]","[[27672.8     0. ]
 [    0.     51.2]]",1,34591,0,64,23180,38,11411,26
14,100.0,53.6,"[[6.8694e+03 4.8800e+01]
 [1.1600e+01 1.2000e+00]]","[[27672.8     0. ]
 [    0.     51.2]]",1,34591,0,64,23175,43,11416,21
16,100.0,53.6,"[[6.8804e+03 3.7600e+01]
 [1.1600e+01 1.2000e+00]]","[[27672.      0. ]
 [    0.     51.2]]",2,34590,0,64,23174,44,11416,20
18,100.0,53.8,"[[6.8714e+03 4.2000e+01]
 [1.1600e+01 1.2000e+00]]","[[27653.6     0. ]
 [    0.     51.2]]",25,34567,0,64,23155,47,11412,17
20,100.0,53.0,"[[6.6934e+03 5.0200e+01]
 [1.1800e+01 1.0000e+00]]","[[26974.4     0. ]
 [    0.     51.2]]",874,33718,0,64,22592,41,11126,23
22,100.0,55.4,"[[6.1074e+03 4.7000e+01]
 [1.1200e+01 1.6000e+00]]","[[24617.6     0. ]
 [    0.     51.2]]",3820,30772,0,64,20613,47,10159,17
24,100.0,49.4,"[[4.7256e+03 6.3800e+01]
 [1.2200e+01 2.0000e-01]]","[[19157.6     0. ]
 [    0.     49.6]]",10645,23947,2,62,16047,39,7900,23
26,100.0,49.8,"[[3.0544e+03 3.7200e+01]
 [1.2200e+01 2.0000e-01]]","[[12366.4     0. ]
 [    0.     49.6]]",19134,15458,2,62,10354,44,5104,18
28,100.0,49.6,"[[1.7552e+03 6.4400e+01]
 [1.1600e+01 4.0000e-01]]","[[7278.4    0. ]
 [   0.    48. ]]",25494,9098,4,60,6093,42,3005,18
30,100.0,57.8,"[[975.2  38. ]
 [  7.8   2. ]]","[[4052.8    0. ]
 [   0.    39.2]]",29526,5066,15,49,3390,37,1676,12
32,100.0,68.6,"[[679.   46.2]
 [  4.    3.2]]","[[2900.8    0. ]
 [   0.    28.8]]",30966,3626,28,36,2431,22,1195,14
34,100.0,64.2,"[[541.4  47.8]
 [  3.8   2.4]]","[[2356.8    0. ]
 [   0.    24.8]]",31646,2946,33,31,1975,19,971,12
36,100.0,67.0,"[[444.2  45. ]
 [  3.2   2.2]]","[[1956.8    0. ]
 [   0.    21.6]]",32146,2446,37,27,1636,20,810,7
38,100.0,63.2,"[[359.8  39. ]
 [  2.8   1.6]]","[[1595.2    0. ]
 [   0.    17.6]]",32598,1994,42,22,1336,14,658,8
40,100.0,65.4,"[[301.8  33.6]
 [  2.2   1.6]]","[[1341.6    0. ]
 [   0.    15.2]]",32915,1677,45,19,1120,16,557,3
42,100.0,66.6,"[[246.4  35.8]
 [  1.6   1.4]]","[[1128.8    0. ]
 [   0.    12. ]]",33181,1411,49,15,942,13,469,2
44,100.0,69.0,"[[217.8  18.4]
 [  1.4   1.2]]","[[944.8   0. ]
 [  0.   10.4]]",33411,1181,51,13,789,10,392,3
46,100.0,56.4,"[[176.   12. ]
 [  2.    0.4]]","[[752.    0. ]
 [  0.    9.6]]",33652,940,52,12,630,7,310,5
48,100.0,74.6,"[[147.8   5.6]
 [  1.    1.2]]","[[613.6   0. ]
 [  0.    8.8]]",33825,767,53,11,512,9,255,2
50,100.0,68.6,"[[125.4   3. ]
 [  1.2   0.8]]","[[513.6   0. ]
 [  0.    8. ]]",33950,642,54,10,431,5,211,5
52,100.0,73.8,"[[106.8   2.4]
 [  1.    1. ]]","[[436.8   0. ]
 [  0.    8. ]]",34046,546,54,10,364,8,182,2
54,100.0,87.6,"[[85.   3.4]
 [ 0.2  1.2]]","[[353.6   0. ]
 [  0.    5.6]]",34150,442,57,7,296,4,146,3
56,100.0,76.6,"[[64.4  4.4]
 [ 0.8  0.6]]","[[275.2   0. ]
 [  0.    5.6]]",34248,344,57,7,230,5,114,2
58,100.0,65.2,"[[49.   5. ]
 [ 0.8  0.4]]","[[216.    0. ]
 [  0.    4.8]]",34322,270,58,6,181,3,89,3
60,83.33333333333333,65.6,"[[9.  0. ]
 [0.2 0. ]]","[[36.8  0. ]
 [ 0.   0.6]]",34363,229,60,4,153,3,76,1
62,71.42857142857143,45.6,"[[7.2 0. ]
 [0.2 0. ]]","[[29.6  0. ]
 [ 0.   0.4]]",34408,184,61,3,124,1,60,2
64,0.0,0.0,"[[0, 0], [0, 0]]","[[0, 0], [0, 0]]",34483,109,64,0,73,0,36,0
66,0.0,0.0,"[[0, 0], [0, 0]]","[[0, 0], [0, 0]]",34521,71,64,0,47,0,24,0
68,0.0,0.0,"[[0, 0], [0, 0]]","[[0, 0], [0, 0]]",34530,62,64,0,41,0,21,0
70,0.0,0.0,"[[0, 0], [0, 0]]","[[0, 0], [0, 0]]",34531,61,64,0,40,0,21,0
72,0.0,0.0,"[[0, 0], [0, 0]]","[[0, 0], [0, 0]]",34531,61,64,0,40,0,21,0
74,0.0,0.0,"[[0, 0], [0, 0]]","[[0, 0], [0, 0]]",34531,61,64,0,40,0,21,0
76,0.0,0.0,"[[0, 0], [0, 0]]","[[0, 0], [0, 0]]",34531,61,64,0,40,0,21,0
78,0.0,0.0,"[[0, 0], [0, 0]]","[[0, 0], [0, 0]]",34531,61,64,0,40,0,21,0
